00111100000000010000000000000101
00111100000000100000000000000011
00111100000000110000000000000100
00111100000001000000000000000010
00111100000001010000000000000001
10101100000000010000000000000000
10101100000000100000000000000100
10101100000000110000000000001000
10101100000001000000000000001100
10101100000001010000000000010000
00111100000001100000000000000000
00111100000001110000000000000001
00111100000010000000000000000101
00011100111010000000000000010110
00100000111001110000000000000001
00011100100001010000000000000100
00011100011001000000000000000111
00011100010000110000000000001010
00011100001000100000000000001101
00001000000000000000000000001101
00100000101001100000000000000000
00100000100001010000000000000000
00100000110001000000000000000000
00001000000000000000000000010000
00100000100001100000000000000000
00100000011001000000000000000000
00100000110000110000000000000000
00001000000000000000000000010001
00100000011001100000000000000000
00100000010000110000000000000000
00100000110000100000000000000000
00001000000000000000000000010010
00100000010001100000000000000000
00100000001000100000000000000000
00100000110000010000000000000000
00001000000000000000000000001101
10101100000000010000000000000000
10101100000000100000000000000100
10101100000000110000000000001000
10101100000001000000000000001100
10101100000001010000000000010000