00100000110001100000000000010100
00100000111001110000000000000001
00100001000010000000000000000010
00100001001010010000000000000100
10101100000001110000000000000000
10101100000010000000000000000100
00010000011001100000000000010010
00000000011010010101000000011000
10001101010001000000000000000000
10001101010001010000000000000100
00100000100001000000000000000010
00100000101001010000000000000001
00000000010001000001000000100000
00100000011000110000000000000001
00000000010001010001000000100000
00000000000000000000000000000000
10101101010000100000000000001000
00001000000000000000000000000110